0 0.14423076923076922 0.12816901408450704 0.07051282051282051 0.02535211267605634 
0 0.8525641025641025 0.12816901408450704 0.0641025641025641 0.030985915492957747 
0 0.14102564102564102 0.21971830985915494 0.0641025641025641 0.028169014084507043 
0 0.14102564102564102 0.30845070422535215 0.0641025641025641 0.02535211267605634 
0 0.8525641025641025 0.36338028169014086 0.0641025641025641 0.028169014084507043 
0 0.8525641025641025 0.4366197183098592 0.0641025641025641 0.028169014084507043 
0 0.8525641025641025 0.5647887323943662 0.0641025641025641 0.030985915492957747 
0 0.8557692307692307 0.6366197183098592 0.07051282051282051 0.028169014084507043 
0 0.8525641025641025 0.8690140845070423 0.0641025641025641 0.030985915492957747 
0 0.14102564102564102 0.8690140845070423 0.0641025641025641 0.02535211267605634 
0 0.14102564102564102 0.8140845070422535 0.0641025641025641 0.033802816901408454 
0 0.14423076923076922 0.7422535211267606 0.07051282051282051 0.02535211267605634 
0 0.14102564102564102 0.6338028169014085 0.0641025641025641 0.028169014084507043 
0 0.14423076923076922 0.43521126760563383 0.05769230769230769 0.02535211267605634 
