0 0.10806297644590719 0.1273133183868838 0.057218722808055386 0.029425725802569323 
0 0.9010526216947115 0.13524272005322954 0.08649121798001802 0.03808486293738997 
0 0.8969560280824319 0.18337514098261445 0.08627779055864383 0.038658754590531474 
0 0.10227105556390224 0.2291408914915273 0.05694024990766476 0.030364753830600794 
0 0.8909939496945112 0.2534267801634023 0.0859678219526242 0.03949011144503741 
0 0.8709706037472456 0.48863637145136446 0.08462270100911458 0.03863147144586268 
0 0.09011632968217899 0.38972292618012766 0.06252184280982384 0.032212206343529934 
0 0.09350241147554837 0.3300799732476893 0.06270139645307492 0.03159691179302377 
0 0.09081216958852914 0.43059958874339793 0.05639088459503956 0.03220012825979313 
0 0.08858430079924755 0.47119084747744283 0.06843403669504018 0.03357139909771127 
0 0.8629862467447916 0.5334034234705106 0.07583950727413862 0.03485979966714349 
0 0.8590282537998297 0.6289547342649648 0.08400956178322816 0.04028797418298856 
0 0.8496215037810496 0.7394820092429578 0.0835278828938802 0.041579555457746484 
0 0.8377131926707732 0.8309394084231955 0.07497459802872095 0.04151972381161972 
0 0.8421178964468149 0.8761084328235036 0.09079434321476863 0.040825900225572184 
0 0.0792408111767891 0.6879873356349032 0.061785404498760514 0.035290054536201584 
0 0.07470549069918118 0.7675652302486796 0.06154666191492325 0.03608811069542254 
0 0.8340102953788562 0.9229093309859155 0.08273114913549179 0.043697217484595076 
