0 0.14743589743589744 0.16619718309859155 0.07692307692307693 0.033802816901408454 
0 0.8525641025641025 0.12816901408450704 0.0641025641025641 0.02535211267605634 
0 0.14423076923076922 0.30845070422535215 0.07051282051282051 0.030985915492957747 
0 0.8525641025641025 0.30845070422535215 0.0641025641025641 0.030985915492957747 
0 0.8493589743589743 0.39859154929577467 0.07051282051282051 0.02535211267605634 
0 0.8557692307692307 0.5084507042253521 0.05769230769230769 0.030985915492957747 
0 0.8525641025641025 0.6704225352112676 0.0641025641025641 0.028169014084507043 
0 0.8525641025641025 0.7422535211267606 0.07692307692307693 0.030985915492957747 
0 0.8525641025641025 0.8704225352112677 0.0641025641025641 0.028169014084507043 
0 0.14423076923076922 0.8126760563380282 0.08333333333333333 0.030985915492957747 
0 0.14423076923076922 0.7422535211267606 0.07051282051282051 0.02535211267605634 
0 0.14102564102564102 0.5971830985915493 0.0641025641025641 0.028169014084507043 
0 0.14102564102564102 0.5056338028169014 0.0641025641025641 0.02535211267605634 
0 0.14423076923076922 0.39859154929577467 0.05769230769230769 0.02535211267605634 
