0 0.13498801451462966 0.12895069390955105 0.07881440260471441 0.03491899732133033 
0 0.9283652672400841 0.24842507805622802 0.09220622136042668 0.038838002379511447 
0 0.9174961187900641 0.3797596246423856 0.0760351327749399 0.03033619195642606 
0 0.910202906681941 0.46830564686949827 0.07611690423427483 0.036529970840669015 
0 0.9032522348257211 0.5525003782460388 0.07510581383338341 0.029211769641285214 
0 0.897772471110026 0.6191493934308979 0.07584205040564904 0.04205807967924736 
0 0.8908285483335837 0.7033106844190141 0.07510728102463943 0.03808941908285651 
0 0.8837305704752604 0.7459523375605194 0.08149914863782051 0.031419694927376764 
0 0.8702123593061398 0.9104739766725353 0.08105273124499199 0.03664731307768486 
0 0.861563462477464 0.9724927445532571 0.07332131801507412 0.03287172989106514 
0 0.8565245408278245 1.033916376678037 0.07273145822378305 0.02930237676056338 
0 0.10391559356298202 1.040833379181338 0.06744203812036759 0.03150127572073064 
0 0.11084916041447565 0.9224877585827466 0.07464761000413161 0.029355073310959507 
0 0.11321740272717598 0.8446338062555018 0.07505586819771008 0.0298828125 
0 0.11106453186426407 0.8039069377200705 0.06848124357370229 0.029990526656029932 
0 0.1193716953962277 0.6415070869553258 0.062441361256134816 0.030856710084727113 
0 0.11480152912628956 0.6801179697815801 0.06907266225570287 0.030807108274647887 
0 0.12292101444342197 0.4112850995130942 0.07045814318534656 0.035930107009242956 
0 0.12514548423962715 0.4525104361520687 0.07711390959910858 0.03260098309584067 
0 0.1238261125026605 0.49527931750660215 0.06327217664474095 0.03835814570037412 
0 0.1248782842587202 0.3463248669261664 0.07066882573641263 0.033055759483659776 
0 0.126860471872183 0.28079335387323945 0.07108427928044246 0.036879955882757484 
0 0.13166065705128205 0.2383326570752641 0.07823930642543694 0.034127786125935304 
0 0.13368714161408252 0.17185695809377752 0.07869288860223232 0.03803111331563601 
