0 0.8614327846429286 0.07296744333186621 0.05593784038837139 0.029437400925327355 
0 0.8636900094839243 0.1684654558208627 0.06226642315204327 0.0265716230365592 
0 0.1368576196523813 0.17017334414200044 0.06973962294749725 0.028014997025610697 
0 0.8597984313964844 0.25980781232807 0.05630845289963942 0.03196467010068222 
0 0.13520299471341646 0.33091864787356956 0.0632621936309032 0.030395615268761004 
0 0.1277952316479805 0.4535359127420775 0.0705263247856727 0.030282162948393487 
0 0.8617295485276442 0.3951744831783671 0.06275597596779847 0.028881320147447185 
0 0.8547979501577524 0.47131098357724477 0.06300207284780648 0.03168055574658891 
0 0.1258720495761969 0.5136828785211268 0.07067235922202085 0.03010215221996039 
0 0.12328125880314753 0.5947716941296215 0.07076739042233197 0.026669999243507925 
0 0.12200350639147636 0.6346701178752201 0.07096628042367788 0.029737316722601236 
0 0.11944215725629757 0.7147752788704886 0.07116095225016275 0.029493820835167255 
0 0.8598857781825922 0.6085591061014525 0.06319300333658855 0.02827483701034331 
0 0.1201475339058118 0.8033701722051056 0.06439992709037586 0.03242978378080986 
