0 0.1378205128205128 0.12816901408450704 0.07051282051282051 0.02535211267605634 
0 0.1378205128205128 0.1647887323943662 0.07051282051282051 0.02535211267605634 
0 0.8525641025641025 0.12816901408450704 0.0641025641025641 0.02535211267605634 
0 0.8557692307692307 0.16619718309859155 0.05769230769230769 0.028169014084507043 
0 0.8557692307692307 0.21971830985915494 0.07051282051282051 0.028169014084507043 
0 0.8557692307692307 0.31126760563380285 0.05769230769230769 0.02535211267605634 
0 0.8589743589743589 0.36338028169014086 0.0641025641025641 0.028169014084507043 
0 0.8557692307692307 0.39859154929577467 0.05769230769230769 0.01971830985915493 
0 0.8589743589743589 0.5098591549295775 0.0641025641025641 0.022535211267605635 
0 0.8557692307692307 0.6352112676056338 0.07051282051282051 0.02535211267605634 
0 0.8557692307692307 0.6704225352112676 0.05769230769230769 0.022535211267605635 
0 0.8525641025641025 0.7070422535211268 0.0641025641025641 0.028169014084507043 
0 0.8589743589743589 0.7436619718309859 0.0641025641025641 0.022535211267605635 
0 0.8589743589743589 0.8154929577464789 0.0641025641025641 0.02535211267605634 
0 0.8589743589743589 0.8732394366197184 0.0641025641025641 0.028169014084507043 
0 0.14743589743589744 0.8154929577464789 0.07692307692307693 0.02535211267605634 
0 0.14423076923076922 0.7408450704225352 0.05769230769230769 0.022535211267605635 
0 0.14423076923076922 0.6690140845070423 0.05769230769230769 0.02535211267605634 
0 0.14743589743589744 0.6352112676056338 0.0641025641025641 0.02535211267605634 
0 0.14102564102564102 0.5647887323943662 0.0641025641025641 0.02535211267605634 
0 0.14423076923076922 0.5985915492957746 0.07051282051282051 0.02535211267605634 
0 0.14423076923076922 0.5098591549295775 0.05769230769230769 0.022535211267605635 
0 0.14102564102564102 0.4338028169014085 0.0641025641025641 0.022535211267605635 
0 0.14423076923076922 0.2549295774647887 0.05769230769230769 0.02535211267605634 
0 0.14102564102564102 0.2211267605633803 0.0641025641025641 0.02535211267605634 
0 0.14102564102564102 0.9239436619718311 0.0641025641025641 0.028169014084507043 
