0 0.14631182108169946 0.0900269951618893 0.08856832064115083 0.04615941114828621 
0 0.9360854320037059 0.09713361498335718 0.07288292126777844 0.03466055426799076 
0 0.13619053669464892 0.2585693789200044 0.08055820220556015 0.04146363164337588 
0 0.9202602093036358 0.30796899929852556 0.0726625491411258 0.040294228137378964 
0 0.9089696835248898 0.4116534165933099 0.07879149608122997 0.03376275720730634 
0 0.9065174200595953 0.5373318954252861 0.06495353503104968 0.03878895934198944 
0 0.8893838540101663 0.7191618153746699 0.07102301181891026 0.03520155355963909 
0 0.8833961486816406 0.7988876987511004 0.08466925987830529 0.03870712065360916 
0 0.8728271875626001 0.9396720778774208 0.07027523334209736 0.034238143705985914 
0 0.11395724614461263 0.8362139634683099 0.09240082594064565 0.0393461845290493 
0 0.11698867113162309 0.7574170609595071 0.07844210893679887 0.03266335070972711 
0 0.11977019676795372 0.5929865447568222 0.07209642116840069 0.03618232834507042 
0 0.12378931045532227 0.488017509352993 0.07233029756790552 0.03340849540602993 
0 0.13212525538909128 0.3641738676689041 0.06558692149626903 0.03349173102580326 
