0 0.11438818466969025 0.13085664561097052 0.07282733917236328 0.026877164169096614 
0 0.8455832065680088 0.256946230606294 0.07986010037935697 0.029818618129676497 
0 0.8468299278846153 0.36753892495598595 0.06641901456392728 0.02373386436784771 
0 0.8476792359963441 0.442973564040493 0.06640248420910957 0.029432097958846833 
0 0.8484970484024439 0.5153352979203345 0.06625845493414463 0.023543150995818662 
0 0.8491453513120993 0.573095273299956 0.06632599463829628 0.035010754222601234 
0 0.8499751946864984 0.646587275115537 0.06621341216258514 0.0320099736603213 
0 0.847108889848758 0.6840029434419015 0.07268695342235076 0.026233296998789613 
0 0.8487649575257913 0.8302674199493838 0.07257710970365083 0.03174661985585388 
0 0.8461168729341947 0.8860195106183979 0.0659166971842448 0.028778076171875 
0 0.8467512864332932 0.9416562362455987 0.06582357944586338 0.02584589568661972 
0 0.12989307061219826 0.9394990303147007 0.06545354769780086 0.02853788993727993 
0 0.1306000611720941 0.8301568689480634 0.07199898132911095 0.025877788704885565 
0 0.12894927538358247 0.7589494732064261 0.0720833570529253 0.025978883555237677 
0 0.12483688501211312 0.7218710456095951 0.06562240918477376 0.026000374807438383 
0 0.12470346842056665 0.5758945088990978 0.05926352892166529 0.026163020604093312 
0 0.12224478599352714 0.610319325621699 0.06574272498106346 0.026153306558098593 
0 0.11672924726437299 0.37298755914392606 0.06606582494882436 0.029367796132262324 
0 0.12083738278119992 0.4090429171709947 0.07249782024285732 0.026477695518816024 
0 0.12170278109036958 0.44651867503851234 0.059522971128806085 0.03209636849416814 
0 0.11542024367894882 0.31662137743452906 0.06605951602642353 0.02655764297700264 
0 0.1141072664505396 0.2601489859567562 0.06618776688208947 0.029534331845565583 
0 0.11654443007249098 0.22386676627145688 0.07271716533563076 0.026743327396016727 
0 0.11523038913042118 0.1672212627572073 0.07285165786743164 0.02973232000646457 
