0 0.8493589743589743 0.1295774647887324 0.07051282051282051 0.028169014084507043 
0 0.8525641025641025 0.21971830985915494 0.0641025641025641 0.028169014084507043 
0 0.8525641025641025 0.30845070422535215 0.07692307692307693 0.02535211267605634 
0 0.8525641025641025 0.5084507042253521 0.0641025641025641 0.02535211267605634 
0 0.8557692307692307 0.5633802816901409 0.07051282051282051 0.028169014084507043 
0 0.8493589743589743 0.6 0.07051282051282051 0.028169014084507043 
0 0.8525641025641025 0.6352112676056338 0.07692307692307693 0.02535211267605634 
0 0.8557692307692307 0.6690140845070423 0.07051282051282051 0.02535211267605634 
0 0.8525641025641025 0.7436619718309859 0.0641025641025641 0.028169014084507043 
0 0.14102564102564102 0.7056338028169015 0.0641025641025641 0.02535211267605634 
0 0.14423076923076922 0.6690140845070423 0.07051282051282051 0.02535211267605634 
0 0.14743589743589744 0.6352112676056338 0.0641025641025641 0.02535211267605634 
0 0.14102564102564102 0.5633802816901409 0.0641025641025641 0.028169014084507043 
0 0.14102564102564102 0.5098591549295775 0.0641025641025641 0.028169014084507043 
0 0.14743589743589744 0.4366197183098592 0.0641025641025641 0.028169014084507043 
0 0.14423076923076922 0.3619718309859155 0.07051282051282051 0.02535211267605634 
0 0.14423076923076922 0.2549295774647887 0.07051282051282051 0.02535211267605634 
0 0.14743589743589744 0.21971830985915494 0.0641025641025641 0.028169014084507043 
0 0.14423076923076922 0.8140845070422535 0.07051282051282051 0.028169014084507043 
0 0.14102564102564102 0.867605633802817 0.0641025641025641 0.028169014084507043 
0 0.8525641025641025 0.9253521126760564 0.0641025641025641 0.02535211267605634 
0 0.8493589743589743 0.8690140845070423 0.07051282051282051 0.030985915492957747 
0 0.8525641025641025 0.8154929577464789 0.0641025641025641 0.02535211267605634 
0 0.14102564102564102 0.9267605633802818 0.07692307692307693 0.028169014084507043 
0 0.8525641025641025 0.16619718309859155 0.07692307692307693 0.028169014084507043 
