0 0.14743589743589744 0.1295774647887324 0.0641025641025641 0.028169014084507043 
0 0.14423076923076922 0.1676056338028169 0.07051282051282051 0.02535211267605634 
0 0.8493589743589743 0.21971830985915494 0.07051282051282051 0.028169014084507043 
0 0.8493589743589743 0.30845070422535215 0.05769230769230769 0.02535211267605634 
0 0.8525641025641025 0.36338028169014086 0.0641025641025641 0.028169014084507043 
0 0.8525641025641025 0.4014084507042254 0.0641025641025641 0.02535211267605634 
0 0.8525641025641025 0.5985915492957746 0.0641025641025641 0.02535211267605634 
0 0.8493589743589743 0.6704225352112676 0.07051282051282051 0.028169014084507043 
0 0.8493589743589743 0.7422535211267606 0.07051282051282051 0.02535211267605634 
0 0.8525641025641025 0.8169014084507042 0.07692307692307693 0.028169014084507043 
0 0.14102564102564102 0.8690140845070423 0.0641025641025641 0.030985915492957747 
0 0.14423076923076922 0.8140845070422535 0.07051282051282051 0.028169014084507043 
0 0.14102564102564102 0.5971830985915493 0.0641025641025641 0.028169014084507043 
0 0.14423076923076922 0.5619718309859155 0.07051282051282051 0.02535211267605634 
0 0.14102564102564102 0.5084507042253521 0.0641025641025641 0.02535211267605634 
0 0.14423076923076922 0.30845070422535215 0.07051282051282051 0.030985915492957747 
0 0.14423076923076922 0.2563380281690141 0.05769230769230769 0.033802816901408454 
0 0.14423076923076922 0.2183098591549296 0.07051282051282051 0.030985915492957747 
0 0.14423076923076922 0.6338028169014085 0.07051282051282051 0.028169014084507043 
