0 0.377419 0.247290 0.019355 0.015402
0 0.375806 0.324872 0.020968 0.014261
0 0.375403 0.363662 0.020161 0.014261
0 0.375000 0.403594 0.020968 0.014261
0 0.373387 0.432687 0.020968 0.014261
0 0.373387 0.471192 0.019355 0.013691
0 0.372984 0.490588 0.021774 0.014832
0 0.372581 0.509412 0.019355 0.014832
0 0.600806 0.494010 0.019355 0.015973
0 0.599597 0.532516 0.021774 0.014261
0 0.601613 0.436680 0.020968 0.015402
0 0.601210 0.454934 0.020161 0.015402
0 0.600806 0.474900 0.019355 0.014261
0 0.598387 0.601825 0.022581 0.013691
0 0.598790 0.572162 0.020161 0.013691
0 0.371774 0.568454 0.019355 0.014261
0 0.370968 0.599258 0.020968 0.014261
0 0.602016 0.407017 0.021774 0.013120
0 0.604435 0.299487 0.021774 0.014832
0 0.605242 0.251284 0.020161 0.015402
0 0.606048 0.201940 0.021774 0.012550
0 0.606048 0.221620 0.020161 0.014261
0 0.377419 0.266971 0.020968 0.014832
