0 0.383065 0.195094 0.022581 0.014832
0 0.609677 0.199943 0.022581 0.016543
0 0.381452 0.244153 0.020968 0.015973
0 0.609677 0.248431 0.020968 0.015402
0 0.380242 0.292356 0.021774 0.016543
0 0.606452 0.346549 0.024194 0.016543
0 0.603629 0.404450 0.018548 0.015973
0 0.378226 0.321734 0.024194 0.017114
0 0.379435 0.342556 0.023387 0.016543
0 0.606048 0.365088 0.020161 0.014832
0 0.378226 0.361666 0.019355 0.015973
0 0.602823 0.452367 0.023387 0.015973
0 0.601210 0.492014 0.021774 0.015402
0 0.601613 0.511409 0.020968 0.016543
0 0.599194 0.598973 0.020968 0.015973
0 0.371371 0.594410 0.021774 0.015973
0 0.374194 0.506845 0.022581 0.014261
0 0.374194 0.468625 0.020968 0.015402
0 0.600403 0.531090 0.020161 0.015973
