0 0.377823 0.196805 0.020161 0.013691
0 0.377419 0.216771 0.019355 0.012550
0 0.376613 0.245294 0.019355 0.013691
0 0.376613 0.264689 0.019355 0.015973
0 0.376613 0.293782 0.019355 0.014832
0 0.373790 0.401597 0.020161 0.014832
0 0.374194 0.431261 0.019355 0.013691
0 0.372984 0.449800 0.020161 0.011979
0 0.372581 0.469766 0.020968 0.013120
0 0.370161 0.567028 0.019355 0.012550
0 0.369758 0.596406 0.018548 0.013120
0 0.597984 0.571021 0.020161 0.013691
0 0.598387 0.530804 0.017742 0.013120
0 0.599194 0.492299 0.019355 0.014832
0 0.599194 0.453223 0.020968 0.013120
0 0.602016 0.346264 0.020161 0.012550
0 0.602016 0.326013 0.020161 0.014261
0 0.603226 0.298060 0.019355 0.014261
0 0.604839 0.249002 0.020968 0.015402
