0 0.406855 0.204507 0.023387 0.015402
0 0.633871 0.206503 0.020968 0.014832
0 0.406452 0.223902 0.020968 0.014261
0 0.632258 0.255562 0.019355 0.015973
0 0.633871 0.227039 0.019355 0.014832
0 0.405242 0.252710 0.020161 0.014832
0 0.404839 0.272390 0.019355 0.014261
0 0.633468 0.304621 0.020161 0.014832
0 0.632258 0.333143 0.022581 0.014832
0 0.631048 0.411580 0.020161 0.014261
0 0.629032 0.479464 0.020968 0.014261
0 0.629435 0.518540 0.021774 0.013691
0 0.629032 0.498574 0.020968 0.013691
0 0.628226 0.577296 0.022581 0.017114
0 0.627823 0.606674 0.023387 0.015402
0 0.400403 0.573588 0.020161 0.015402
0 0.400806 0.533657 0.020968 0.015402
0 0.400403 0.495722 0.020161 0.014832
0 0.401613 0.476326 0.022581 0.014832
0 0.401613 0.456931 0.020968 0.014832
0 0.402419 0.438106 0.022581 0.014832
0 0.403629 0.368796 0.023387 0.015402
0 0.402823 0.408443 0.020161 0.014832
