0 0.08565123875935872 0.11768859003631163 0.06618814590649727 0.027980847425863778 
0 0.8552348797137921 0.11211167456398548 0.06853641607822515 0.03005734295912192 
0 0.8567497057792468 0.1507054718447403 0.06849474784655449 0.030139966078207528 
0 0.09054351464295998 0.21581734670719632 0.06608332120455228 0.028176170671489878 
0 0.8589606651893028 0.20703801974444322 0.06843400612855569 0.030260413801166376 
0 0.8664419712164463 0.3976197148712588 0.06811337593274239 0.027719202175946304 
0 0.09471548520601712 0.37172297088193224 0.07311254281264085 0.02860535097793794 
0 0.09182142600035056 0.3137324373487016 0.0731810973240779 0.028472964864381604 
0 0.10028847058614095 0.4112810161751761 0.06587462547497872 0.028563292597381162 
0 0.10223808044042343 0.45086038079060303 0.08015855764731382 0.028921035981514086 
0 0.8645455776116786 0.4345003369828345 0.06127391717372796 0.024729683029819545 
0 0.8709459549341446 0.5123708805567782 0.06799042530548878 0.027971595441791376 
0 0.8745158268855168 0.6033237511003522 0.06789290599333934 0.02817103426221391 
0 0.874173580071865 0.6795291524537852 0.06115253155048077 0.028139742999009686 
0 0.8822632814065003 0.7158568046462368 0.07430873773036858 0.025704655177156692 
0 0.11640622065617487 0.6631086752448284 0.07272143241686699 0.02925784688600352 
0 0.12031822938185471 0.7416531415052817 0.07262877317575307 0.02943510673415493 
0 0.8804837740384615 0.7553762516505282 0.06772994995117188 0.02850307410871479 
