0 0.14423076923076922 0.13098591549295777 0.05769230769230769 0.02535211267605634 
0 0.8525641025641025 0.1295774647887324 0.0641025641025641 0.028169014084507043 
0 0.8525641025641025 0.16619718309859155 0.0641025641025641 0.028169014084507043 
0 0.14423076923076922 0.2211267605633803 0.05769230769230769 0.02535211267605634 
0 0.8525641025641025 0.21971830985915494 0.0641025641025641 0.028169014084507043 
0 0.8525641025641025 0.4014084507042254 0.0641025641025641 0.02535211267605634 
0 0.14102564102564102 0.3647887323943662 0.0641025641025641 0.02535211267605634 
0 0.14102564102564102 0.31126760563380285 0.0641025641025641 0.02535211267605634 
0 0.14423076923076922 0.4014084507042254 0.05769230769230769 0.02535211267605634 
0 0.14423076923076922 0.43802816901408453 0.07051282051282051 0.02535211267605634 
0 0.8493589743589743 0.4366197183098592 0.05769230769230769 0.022535211267605635 
0 0.8525641025641025 0.5112676056338028 0.0641025641025641 0.02535211267605634 
0 0.8525641025641025 0.5985915492957746 0.0641025641025641 0.02535211267605634 
0 0.8493589743589743 0.671830985915493 0.05769230769230769 0.02535211267605634 
0 0.8557692307692307 0.7070422535211268 0.07051282051282051 0.022535211267605635 
0 0.14743589743589744 0.6352112676056338 0.0641025641025641 0.02535211267605634 
0 0.14743589743589744 0.7084507042253522 0.0641025641025641 0.02535211267605634 
0 0.8525641025641025 0.7450704225352113 0.0641025641025641 0.02535211267605634 
