0 0.8947646312224559 0.11939834809639085 0.07274050590319511 0.029635147309639086 
0 0.8952825497358273 0.21277229416538293 0.06610048734224759 0.029196510852222714 
0 0.892550052740635 0.30446169141312723 0.0789630596454327 0.026436862139634684 
0 0.8864942697378305 0.5100811595648108 0.06574464455629006 0.02691246355083627 
0 0.8880671965770232 0.5662809130171655 0.07224899683243188 0.030043738996478875 
0 0.8804691021259015 0.6038462464238556 0.07225672403971353 0.03015811544069102 
0 0.8826384911170372 0.6397518534055898 0.0785993918394431 0.027512714224801938 
0 0.8848717518341846 0.674167557837258 0.07205630571414262 0.02747063435299296 
0 0.8793942378117487 0.750282051193882 0.06561142359024438 0.03038605166153169 
0 0.1336698165306678 0.7299645652233715 0.07035614893986629 0.028530754841549297 
0 0.13785892877823266 0.6911400163677377 0.07736077064122909 0.02858297858439701 
0 0.14202083685459235 0.6552626918738996 0.07038593292236328 0.02832512654049296 
0 0.13641939407739884 0.5791903643540933 0.07056336525159004 0.031127628809969193 
0 0.13745685724111703 0.5222838925643706 0.07062105643443573 0.03098290671764965 
0 0.14589228996863732 0.4441790513589349 0.07065445337540063 0.030773109113666375 
0 0.14383095961350661 0.36450840050066025 0.07772378432445037 0.027609381877200707 
0 0.14592689122909155 0.2498744266133913 0.07785112429887821 0.027265049034441022 
0 0.150148257231101 0.2120295135068222 0.07088944850823818 0.030318160795829666 
0 0.13505854973426232 0.8443500357614437 0.07724471581287873 0.0320039131272007 
0 0.1305559843014448 0.9008060079225353 0.0702371658423008 0.031940041125660214 
0 0.8739438179211738 0.93463134765625 0.06535906669421074 0.027982555980413736 
0 0.8723880083133012 0.8776923381106955 0.0720671629294371 0.033770150198063384 
0 0.8772354125976562 0.8232868893045775 0.0654603028908754 0.02770351356183979 
0 0.12939758789845002 0.9629847566846391 0.08410117565057217 0.03259947870818662 
0 0.8968973404321915 0.15737091924103214 0.0792086674616887 0.02948140963702135 
