0 0.09653551150590946 -0.03467034353336818 0.06824706150935246 0.053636223161724256 
0 0.9628790830954527 -0.22220033457581428 0.08394740178034855 0.06401233941736356 
0 0.9607066619090544 -0.16212182918065032 0.08357004018930288 0.06327142849774428 
0 0.10014639145288712 0.10353957700057768 0.0675672201009897 0.05218510694906745 
0 0.9575648185534354 -0.07523717745928697 0.0830244406675681 0.0622070097587478 
0 0.947178962903145 0.21180841150418134 0.08106701190655048 0.054392511072293134 
0 0.10212332163101587 0.3188774431255502 0.07377287057729867 0.05136224451199384 
0 0.10003399237608297 0.23972647223674076 0.074204133107112 0.05221570511938821 
0 0.10715545752109625 0.371818563971721 0.06624738986675556 0.04942111163072183 
0 0.10856572175637269 0.4250155596665933 0.08043602796701284 0.0515899658203125 
0 0.9412235357822516 0.2668265759105414 0.07259867741511418 0.0479582665671765 
0 0.9411096817407852 0.3796596043546435 0.08002012203901242 0.052520945374394806 
0 0.9363916837252103 0.5101434412136884 0.07920680901943108 0.051086726658780814 
0 0.9286244710286458 0.6182939986108055 0.07077662150065103 0.04860306860695423 
0 0.9345197433080429 0.6680633115096831 0.08580740904196714 0.04658852160816462 
0 0.11939367881188026 0.7038287095620599 0.07170669237772623 0.04731789172535211 
0 0.12200090212699694 0.8046776999889965 0.07115662403595753 0.04627943441901409 
0 0.9286806155473758 0.7233996753961268 0.07787900093274239 0.04878178986025528 
