0 0.14423076923076922 0.12816901408450704 0.07051282051282051 0.02535211267605634 
0 0.8525641025641025 0.2563380281690141 0.07692307692307693 0.028169014084507043 
0 0.8525641025641025 0.36338028169014086 0.0641025641025641 0.022535211267605635 
0 0.8525641025641025 0.4366197183098592 0.0641025641025641 0.028169014084507043 
0 0.8525641025641025 0.5070422535211268 0.0641025641025641 0.022535211267605635 
0 0.8525641025641025 0.5633802816901409 0.0641025641025641 0.033802816901408454 
0 0.8525641025641025 0.6352112676056338 0.0641025641025641 0.030985915492957747 
0 0.8493589743589743 0.671830985915493 0.07051282051282051 0.02535211267605634 
0 0.8493589743589743 0.8154929577464789 0.07051282051282051 0.030985915492957747 
0 0.8461538461538461 0.8704225352112677 0.0641025641025641 0.028169014084507043 
0 0.8461538461538461 0.9253521126760564 0.0641025641025641 0.02535211267605634 
0 0.14102564102564102 0.9211267605633803 0.0641025641025641 0.028169014084507043 
0 0.14423076923076922 0.8126760563380282 0.07051282051282051 0.02535211267605634 
0 0.14423076923076922 0.7422535211267606 0.07051282051282051 0.02535211267605634 
0 0.14102564102564102 0.7056338028169015 0.0641025641025641 0.02535211267605634 
0 0.14423076923076922 0.5619718309859155 0.05769230769230769 0.02535211267605634 
0 0.14102564102564102 0.5957746478873239 0.0641025641025641 0.02535211267605634 
0 0.14102564102564102 0.36338028169014086 0.0641025641025641 0.028169014084507043 
0 0.14423076923076922 0.39859154929577467 0.07051282051282051 0.02535211267605634 
0 0.14423076923076922 0.43521126760563383 0.05769230769230769 0.030985915492957747 
0 0.14102564102564102 0.30845070422535215 0.0641025641025641 0.02535211267605634 
0 0.14102564102564102 0.2535211267605634 0.0641025641025641 0.028169014084507043 
0 0.14423076923076922 0.2183098591549296 0.07051282051282051 0.02535211267605634 
0 0.14423076923076922 0.16338028169014085 0.07051282051282051 0.028169014084507043 
