0 0.8493589743589743 0.12816901408450704 0.05769230769230769 0.02535211267605634 
0 0.8525641025641025 0.21971830985915494 0.0641025641025641 0.022535211267605635 
0 0.14102564102564102 0.2535211267605634 0.0641025641025641 0.022535211267605635 
0 0.8493589743589743 0.3070422535211268 0.05769230769230769 0.028169014084507043 
0 0.14423076923076922 0.39859154929577467 0.05769230769230769 0.02535211267605634 
0 0.14102564102564102 0.5084507042253521 0.0641025641025641 0.02535211267605634 
0 0.8525641025641025 0.43521126760563383 0.0641025641025641 0.02535211267605634 
0 0.8461538461538461 0.5070422535211268 0.0641025641025641 0.028169014084507043 
0 0.14102564102564102 0.5619718309859155 0.0641025641025641 0.02535211267605634 
0 0.14102564102564102 0.6338028169014085 0.0641025641025641 0.022535211267605635 
0 0.14102564102564102 0.6690140845070423 0.0641025641025641 0.02535211267605634 
0 0.14102564102564102 0.7394366197183099 0.0641025641025641 0.02535211267605634 
0 0.8525641025641025 0.6352112676056338 0.0641025641025641 0.02535211267605634 
0 0.14423076923076922 0.8169014084507042 0.05769230769230769 0.028169014084507043 
