0 0.11575019053923778 0.12359021683813821 0.06881370299901718 0.031295314305265186 
0 0.11218814360789764 0.16506814016422755 0.07565513635293031 0.02830005699480084 
0 0.8608247805864383 0.21461370763644366 0.07451502482096353 0.03111174677459287 
0 0.8599317501752805 0.31028541242572627 0.060940571320362576 0.02796478271484375 
0 0.8627448448768028 0.36939533932108276 0.0676732185559395 0.031086215166978435 
0 0.8623594626402243 0.41030681771291816 0.06762118217272636 0.028067489409110916 
0 0.8603683862930689 0.6219820264359596 0.06749950311122796 0.02813376843089789 
0 0.8562827477088341 0.6989536339128521 0.07420862638033353 0.031276176345180456 
0 0.8555618677383814 0.7757740289392606 0.07413179446489383 0.02829151422205106 
0 0.8581676972218049 0.8554433043573945 0.08081568204439603 0.031442475654709506 
0 0.10652703505295973 0.9243834589568662 0.0683614168411646 0.034538075621698944 
0 0.11011249591142704 0.8652199328785212 0.0752119895739433 0.03160847408670775 
0 0.10738705366085737 0.6312966789997799 0.06852466632158329 0.03143203090613997 
0 0.11091868082682291 0.5931764414612677 0.0753786747272198 0.028469418807768487 
0 0.10766843649057241 0.5353049694652289 0.0685721116188245 0.028356976576254404 
0 0.11173468369704026 0.3183255477690361 0.07557431245461488 0.03448316547232615 
0 0.11190756773337339 0.2616660964321083 0.061890736604348205 0.03739226435271787 
0 0.11202539541782476 0.2202875271649428 0.07563766455038999 0.034454539124394806 
0 0.11068896758250701 0.6708159970565581 0.07533756891886392 0.03154258190746039 
