0 0.13904538521399865 0.055395679742517606 0.07095664586776342 0.02877214727267413 
0 0.8614723009940906 0.20894607758857836 0.08145660009139623 0.03334700893348372 
0 0.8594286013872195 0.3308002955477003 0.06794220361954126 0.02708065409055898 
0 0.85803711720002 0.4143589933153609 0.06810369247045273 0.03376004930952905 
0 0.8566990387745392 0.4948278292803697 0.06804921076847957 0.027565281827684862 
0 0.8556240766476362 0.5593112569459727 0.06830606705103165 0.04065930003851233 
0 0.8542545025165265 0.6416343151683539 0.06830626267653245 0.03769372214733715 
0 0.8501778627053285 0.6835414402921435 0.07498330336350661 0.031580277563820425 
0 0.8474221840882913 0.8487299529599472 0.07520993550618489 0.03861118370378521 
0 0.842965835180038 0.9118881010673416 0.06839864681928585 0.03529336418904049 
0 0.8419074034079527 0.9752625371368838 0.06838568662985776 0.03223851163622359 
0 0.1146091314462515 0.9387056592484596 0.06516413810925606 0.0344664667693662 
0 0.1207606975848858 0.8170835683043575 0.07146335259462014 0.031194638534330986 
0 0.12265489040276943 0.7381771463743398 0.07141088216732709 0.030942073338468313 
0 0.12041774162879357 0.6970819607586928 0.0649417669345171 0.030584372936839792 
0 0.12747601973704803 0.5367435079225352 0.0584408503312331 0.029929878342319544 
0 0.1233678719936273 0.5743543598013865 0.06486743535750951 0.030221944459727115 
0 0.12958406790708885 0.3157397632867518 0.06478592065664437 0.03258727167693662 
0 0.13185546337029871 0.3549074844575264 0.07115598213978302 0.029720703984650088 
0 0.13086334864298502 0.3956071880501761 0.058514063174907975 0.035811733192121484 
0 0.13104918064215243 0.25480720627475795 0.06467382724468525 0.02928185261471171 
0 0.13251155462020484 0.1939544677734375 0.06471193753756009 0.032222328723316464 
0 0.13665359448163936 0.15503084424515845 0.07102296291253506 0.029087109632895028 
0 0.13811115118173453 0.09429415850572184 0.07105727073473808 0.03200794810980139 
