0 -0.04621305832496056 0.03992797959018761 0.10932407623682266 0.04292444578358825 
0 0.8790408403445512 0.26752164598921657 0.08905537923177083 0.037695119078730195 
0 0.8910939143254206 0.38737947705765846 0.07286492372170472 0.028336688834176938 
0 0.8990490253155048 0.467326806296765 0.0726468012883113 0.03311251788072183 
0 0.9065815852238581 0.5427692252145687 0.07126353337214543 0.025800506161971833 
0 0.9124628702799479 0.602033760178257 0.07182771731645633 0.03662741217814701 
0 0.9198813805213341 0.6763986506932219 0.07075568957206531 0.03234583894971391 
0 0.9202170738807091 0.7137712505501761 0.07660176203801082 0.025994314274317785 
0 0.9345429249298878 0.8571540939975792 0.07554127619816707 0.03157202492297535 
0 0.9366617447290665 0.910604901380942 0.06819592989408052 0.028820284991197185 
0 0.9419630001752805 0.9632608762929138 0.06738242124899839 0.02623772419674296 
0 0.14522631963094074 0.9845753844355194 0.08680033072447166 0.03236083984375 
0 0.12511592033581856 0.8680089816241198 0.09596893114921373 0.029163027481294016 
0 0.10906132673605894 0.7904321804852553 0.09719629165453789 0.028841948173415493 
0 0.09645656438974233 0.7494540362290933 0.08959471262418306 0.0286834286971831 
0 0.06653796709500825 0.584250350737236 0.0833285160553761 0.031241876306668137 
0 0.07038697218283628 0.6236509940993619 0.09143599485739683 0.03069182919784331 
0 0.01232464802570832 0.3438324834259463 0.09630855535849546 0.03953180447430678 
0 0.025756346873747997 0.38770562830105637 0.10364499458899865 0.03553518375880282 
0 0.035141706466674805 0.4325921716824384 0.08678878881992437 0.04081059845400528 
0 -0.001994172732035319 0.27476937737263424 0.09661216613573906 0.037379305127640844 
0 -0.016586146293542322 0.20448346205160653 0.09842010644766 0.04241550069459727 
0 -0.02154347682610536 0.15913796223385235 0.10736613395886543 0.04033706020301497 
0 -0.036508019153888405 0.08687908548704336 0.10932450416760567 0.045634960120832416 
