0 0.848387204683744 0.11862069788113447 0.05769054706280048 0.026110431509958187 
0 0.8514692844488682 0.21233228226782572 0.06409332079765125 0.02326997568909551 
0 0.1382290766789363 0.24926224829445423 0.06447475384443234 0.023348289812114877 
0 0.8481520628317808 0.30174369274730417 0.05769754067445412 0.02904078523877641 
0 0.14122709861168495 0.39820995062169895 0.058036412948217146 0.026257109306227995 
0 0.1378338642609425 0.5110367036201585 0.064484620705629 0.026313889194542254 
0 0.8511863121619591 0.4329579527948944 0.06410173269418569 0.02621545925946303 
0 0.8446848942683293 0.5065345441791373 0.06411029130984575 0.029121076556998242 
0 0.13775087014222756 0.566000409193442 0.06448575777885242 0.026329405878631165 
0 0.13763953477908403 0.6397702499174737 0.0644829456622784 0.023456971074493838 
0 0.13758491858457908 0.6759334940305898 0.06448806860508062 0.02636018135178257 
0 0.13747572287535056 0.7482621313820423 0.06448958470271184 0.026380512076364437 
0 0.8509236849271334 0.6377492125605194 0.06410588973607773 0.026272668972821305 
0 0.14057896687434268 0.8278093364876761 0.05804885962070563 0.029259394256161975 
