0 0.381855 0.193383 0.020161 0.014832
0 0.610081 0.195950 0.020161 0.015402
0 0.381452 0.241586 0.020968 0.014261
0 0.606855 0.322305 0.021774 0.014832
0 0.379839 0.357958 0.020968 0.015402
0 0.604839 0.361666 0.020968 0.018254
0 0.604839 0.429835 0.019355 0.015402
0 0.604839 0.469196 0.020968 0.015402
0 0.376210 0.465488 0.021774 0.014832
0 0.375000 0.523674 0.020968 0.014832
0 0.374597 0.593269 0.021774 0.015973
0 0.601210 0.594695 0.023387 0.017684
0 0.374194 0.563035 0.022581 0.017114
0 0.380242 0.289504 0.023387 0.016543
