0 0.608065 0.199087 0.022581 0.013691
0 0.607661 0.247861 0.020161 0.014261
0 0.607258 0.296349 0.019355 0.014261
0 0.605645 0.364518 0.019355 0.013691
0 0.605242 0.405305 0.018548 0.015402
0 0.603629 0.472048 0.020161 0.014261
0 0.374597 0.566458 0.018548 0.013691
0 0.375403 0.526811 0.021774 0.015402
0 0.375806 0.488021 0.024194 0.014261
0 0.376210 0.468625 0.020161 0.011979
0 0.377419 0.429835 0.020968 0.014261
0 0.378226 0.401027 0.019355 0.013691
0 0.379032 0.342556 0.017742 0.014261
0 0.380242 0.264119 0.018548 0.014832
