0 0.608065 0.197376 0.019355 0.013691
0 0.605242 0.294923 0.018548 0.013691
0 0.604435 0.344267 0.020161 0.013120
0 0.603629 0.402453 0.020161 0.013120
0 0.600403 0.489732 0.020161 0.015402
0 0.600403 0.528523 0.020161 0.015402
0 0.597984 0.596406 0.018548 0.014261
0 0.370968 0.563605 0.024194 0.014832
0 0.372581 0.524815 0.020968 0.013691
0 0.372984 0.486594 0.021774 0.014832
0 0.373790 0.446948 0.020161 0.013120
0 0.375806 0.398175 0.019355 0.014832
0 0.376210 0.339703 0.018548 0.013120
0 0.377823 0.290930 0.018548 0.013691
0 0.380242 0.213063 0.018548 0.013120
