0 0.380242 0.193098 0.020161 0.013120
0 0.379839 0.213349 0.017742 0.014832
0 0.379032 0.243012 0.017742 0.013691
0 0.379032 0.262122 0.022581 0.013120
0 0.378226 0.291500 0.019355 0.014832
0 0.377823 0.320308 0.018548 0.014261
0 0.377823 0.339989 0.018548 0.013691
0 0.377016 0.359099 0.021774 0.013120
0 0.604435 0.362807 0.020161 0.014832
0 0.605645 0.323731 0.020968 0.015402
0 0.606048 0.265545 0.020161 0.015402
0 0.602419 0.401882 0.019355 0.014261
0 0.375403 0.428123 0.021774 0.014261
0 0.602823 0.430690 0.020161 0.015973
0 0.601210 0.470337 0.020161 0.015402
0 0.373387 0.505705 0.019355 0.015402
0 0.373387 0.525100 0.020968 0.014261
0 0.373790 0.446663 0.020161 0.013691
0 0.371774 0.564461 0.019355 0.014261
0 0.600403 0.568169 0.020161 0.015973
0 0.600403 0.596691 0.020161 0.015973
0 0.601613 0.489447 0.019355 0.014832
